home = ( 3.14, -1.94, 0.005, -0.89, 1.23, 0.015, 3.03);
zeroangle = ( 5.002311349, 4.031301511, 1.242524438, 4.00982578, 5.002311349, 2.831728534, 2.195126507 );

