home = ( 3.148549377, -1.940838806, 0.005588861775, -0.8928691976, 1.232853102, 0.01506796502, 3.034548588 );
zeroangle = ( 0.9265243959, 4.285942321, 4.982369599, 5.523864817, 0.8866408954, 0.07669903939, 0.05368932758 );
