home = ( 3.128951311, -1.968084289, 0.01514372532, -0.846731668, 1.252230811, -0.06220655598, 3.055545791 );
zeroangle = ( 1.130543841, 3.60178689, 3.730641276, 5.19866089, 4.973165714, 2.78417513, 2.225806123 );
