home = ( 3.108948353, -1.968978794, -0.004054370689, -0.9094044123, 1.245281607, 0.01429105944, 3.018323507 );
zeroangle = ( 0.5460971605, 3.604854852, 5.190990986, 5.473243451, 1.448077864, 0.7455146629, 6.089903728 );
