home = ( -0.01840117021, -1.946533549, 0.08588759845, -0.863920173, 1.240380334, 0.07614554117, 3.05740063 );
zeroangle = ( 1.260932208, 3.322602387, 5.020719119, 5.085146312, 4.804427828, 2.354660509, 2.096951737 );
