home = ( 3.131622323, -1.970901686, -0.02352809258, -0.9005766539, 1.235120126, 0.01444860179, 3.029897575 );
zeroangle = ( 0.5476311413, 4.178563666, 4.845845309, 5.246214295, 0.940330223, 0.8482913757, 0.07363107782 );
