home = ( 3.138614767, -1.974868936, 0.02746420405, -0.8923684808, 1.239216207, 0.01978259607, 3.359511449 );
zeroangle = ( 5.246214295, 4.097262684, 1.636757501, 4.32275786, 5.250816237, 1.139747725, 0.3666214083 );
