home = ( 3.144580179, -1.982209297, 0.06034897471, -0.9103693197, 1.227649738, 0.01507625265, 4.581488689 );
zeroangle = ( 5.47017549, 4.55592294, 1.340699209, 3.617126698, 5.352058969, 3.136990711, 6.011670708 );
