home = ( 3.146563236, -1.972018833, 0.02475392076, -0.8895610106, 1.237381526, 0.04012357186, 3.037062359 );
zeroangle = ( 5.299903622, 3.566505332, 1.155087533, 3.808874296, 5.379670623, 3.123184884, 1.799359464 );
