home = ( 3.136078825, -1.971104648, 0.03871187973, -0.8838634973, 1.222624306, 0.01060921483, 3.063676226 );
zeroangle = ( 5.002311349, 4.031301511, 1.242524438, 4.00982578, 5.002311349, 2.831728534, 2.195126507 );
