home = ( 3.144521121, -1.990082313, 0.03758437659, -0.9015879235, 1.245124604, -0.03700530973, 2.987945103 );
zeroangle = ( 5.577554145, 2.72588386, 0.5077476408, 2.779573188, 0.03528155812, 5.885884283, 5.551476471 );
