home = ( 3.143387738, -1.982558838, 0.03505299728, -0.8871664035, 1.239295976, 0.02089935553, 3.062134882 );
zeroangle = ( 5.232408467, 4.106466569, 1.46034971, 4.443942343, 5.545340548, 1.317689497, 2.198194469 );
