home = ( 3.141540085, -1.983069706, 0.04797201433, -0.845136922, 1.243045108, 0.03031204236, 3.036651334 );
zeroangle = ( 4.038971415, 3.451456773, 0.6151262959, 3.229029558, 0.5890486225, 5.888952245, 6.275515403 );
