home = ( 3.134910216, -1.980327153, 0.04598447324, -0.8864232496, 1.26210984, 0.02823806052, 2.946534109 );
zeroangle = ( 5.364330815, 4.442408362, 1.728796348, 4.456214189, 5.701806589, 6.221826076, 4.256796686 );
