home = ( 3.14011857, -1.985193839, 0.03947979333, -0.9047543791, 1.240572276, 0.05264723147, 3.086899137 );
zeroangle = ( 5.186389044, 4.250660763, 1.354505036, 4.121806377, 5.091282235, 1.398990479, 2.560213935 );
