home = ( 3.131558759, -1.959300918, 0.02389566438, -0.8927813442, 1.210579224, 0.007019630862, 3.107142117 );
zeroangle = ( 4.968563772, 3.278116944, 1.32382542, 3.919320913, 5.444097816, 3.307262579, 2.868544073 );
