home = ( 3.145870085, -1.968039443, 0.04088010637, -0.8895610106, 1.229005807, 0.03406116339, 3.09666098 );
zeroangle = ( 5.152641467, 3.463728619, 1.162757437, 4.020563645, 5.338253142, 3.253573251, 2.699806187 );
